 0.62
 0.52
 0.56
 0.59
 0.53
 1.12
 0.62
 0.51
 0.65
 0.77
 0.60
 0.54
 0.63
 0.51
 0.55
 0.41
 0.49
 1.20
 0.72
 0.92
 0.67
 0.56
 0.56
 0.58
 0.40
 0.63
 0.62
 0.42
 0.55
 0.61
 0.53
 0.62
 0.64
 0.52
 0.61
 0.58
 0.52
 0.40
 0.61
 0.58
 0.58
 0.40
 0.70
 0.58
 0.66
 0.79
 0.80
 0.57
 0.76
 0.72
 0.60
 0.51
 0.56
 0.53
 0.46
 0.59
 0.85
 0.76
 0.98
 0.65
 0.62
 0.38
 0.60
 0.52
 0.71
 0.68
 0.65
 0.60
 0.41
 0.93
 0.82
 0.67
 0.62
 0.50
 0.58
 0.64
 0.59
 0.58
 0.79
 0.63
 0.52
 0.51
 0.62
 0.61
 0.60
 0.58
 0.63
 0.63
 0.65
 0.60
 0.66
 0.62
 0.44
 0.58
 0.60
 0.60
 0.61
 0.93
 0.56
 0.58
 0.73
 0.42
 0.64
 0.87
 0.52
 0.67
 0.53
 0.59
 0.67
 0.58
 0.86
 0.56
 1.06
 0.63
 0.32
 0.56
 0.85
 0.53
 0.56
 0.80
 0.74
 0.55
 0.41
 0.70
 0.63
 0.58
 0.85
 0.52
 0.50
 0.58
 0.76
 0.59
 0.57
 0.56
 0.73
 1.15
 0.55
 0.96
 0.58
 0.54
 0.57
 0.55
 0.69
 0.53
 0.69
 0.53
 1.10
 0.63
 0.78
 0.40
 0.55
 0.52
 0.34
 0.57
 0.63
 0.60
 0.53
 0.60
 0.81
 0.57
 0.42
 0.41
 0.61
 0.52
 0.62
 0.61
 0.98
 0.53
 0.60
 0.40
 0.64
 0.39
 0.36
 0.60
 0.71
 0.63
 0.81
 0.51
 0.54
 0.69
 0.58
 0.57
 0.70
 0.80
 0.71
 0.55
 0.36
 0.73
 0.44
 0.56
 0.65
 0.73
 0.55
 0.56
 0.60
 0.61
 0.54
 0.79
 0.51
 0.57
 0.52
 0.67
 0.58
 0.69
 0.67
 0.63
 0.54
 0.46
 0.83
 0.55
 0.46
 0.52
 0.73
 0.59
 0.54
 0.63
 0.61
 0.50
 0.42
 0.51
 0.61
 0.64
 0.74
 0.58
 0.53
 0.65
 0.60
 0.56
 0.89
 0.48
 0.56
 0.58
 0.74
 0.58
 0.62
 0.41
 0.61
 0.92
 0.62
 0.54
 0.70
 0.56
 0.57
 0.54
 0.68
 0.60
 0.56
 0.57
 0.86
 0.42
 0.61
 0.61
 0.80
 0.61
 0.64
 0.88
 0.56
 0.94
 0.64
 0.60
 0.69
 0.67
 0.88
 0.59
 0.54
 0.57
 0.77
 0.55
 0.55
 0.45
 0.63
 0.63
 0.49
 0.53
 0.62
 0.61
 0.59
 0.57
 1.01
 0.58
 1.05
 0.52
 0.40
 0.56
 0.50
 0.58
 0.58
 0.54
 0.57
 0.64
 0.58
 0.62
 0.72
 0.59
 0.65
 0.71
 0.87
 0.53
 0.63
 0.64
 0.59
 0.79
 0.53
 0.60
 0.64
 0.57
 0.49
 0.44
 0.73
 0.55
 1.31
 0.58
 0.54
 0.41
 0.52
 0.85
 0.59
 0.55
 0.57
 0.55
 0.61
 0.73
 0.88
 0.44
 0.65
 0.56
 0.58
 1.10
 0.84
 0.43
 0.51
 0.66
 0.56
 0.66
 0.48
 0.52
 0.56
 0.70
 0.55
 1.18
 0.44
 0.63
 0.57
 0.51
 0.64
 0.56
 0.51
